{
 "cells": [
  {
   "cell_type": "code",
   "execution_count": 1,
   "id": "ab1af2cf",
   "metadata": {},
   "outputs": [],
   "source": [
    "import numpy as np\n",
    "import pandas as pd\n",
    "import matplotlib.pyplot as plt"
   ]
  },
  {
   "cell_type": "code",
   "execution_count": 2,
   "id": "4d823081",
   "metadata": {},
   "outputs": [],
   "source": [
    "def dropper(df):\n",
    "    nan_value = float(\"NaN\")\n",
    "    df.replace(0.0, nan_value, inplace=True)\n",
    "    return df"
   ]
  },
  {
   "cell_type": "code",
   "execution_count": 3,
   "id": "8c9f8fda",
   "metadata": {},
   "outputs": [],
   "source": [
    "def get_info():\n",
    "    df = pd.read_csv('Databases/Test_file.csv')\n",
    "    df = dropper(df)\n",
    "    df = df.dropna()\n",
    "    return df"
   ]
  },
  {
   "cell_type": "markdown",
   "id": "64cdcaff",
   "metadata": {},
   "source": [
    "## Note\n",
    "I need to ask Henry about the value of dropping the observation that contains intramunicipality commuting as opposed to keeping it, making distance decay stronger"
   ]
  },
  {
   "cell_type": "code",
   "execution_count": 4,
   "id": "55976878",
   "metadata": {},
   "outputs": [],
   "source": [
    "def stat_plotter(df, i):\n",
    "    \n",
    "    # First Graph: Origin - Distance Plot\n",
    "    plt.figure(figsize=(5, 5))\n",
    "    ax = plt.axes()\n",
    "    ax.scatter(df[\"Distance\"], df[\"Origin Pop\"], color='b', alpha=0.20)\n",
    "    ax.set_xlabel('Distance')\n",
    "    ax.set_ylabel('Origin Pop')\n",
    "    plt.gcf()\n",
    "    plt.savefig('Results/OrDistance' + str(i) + '.png')\n",
    "    plt.close()\n",
    "    \n",
    "    # Second Graph: Destination - Distance Plot\n",
    "    plt.figure(figsize=(5, 5))\n",
    "    ax = plt.axes()\n",
    "    ax.scatter(df[\"Distance\"], df[\"Destination Pop\"], color='b', alpha=0.20)\n",
    "    ax.set_xlabel('Distance')\n",
    "    ax.set_ylabel('Destination Pop')\n",
    "    plt.gcf()\n",
    "    plt.savefig('Results/DestDistance' + str(i) + '.png')\n",
    "    plt.close()\n",
    "    \n",
    "    # Third Graph: Distance - Commuters Plot\n",
    "    plt.figure(figsize=(5, 5))\n",
    "    ax = plt.axes()\n",
    "    ax.scatter(df[\"Distance\"], df[\"Commuters\"], color='b', alpha=0.20)\n",
    "    ax.set_xlabel('Distance')\n",
    "    ax.set_ylabel('Commuters')\n",
    "    plt.gcf()\n",
    "    plt.savefig('Results/DistCom' + str(i) + '.png')\n",
    "    plt.close()\n",
    "    \n",
    "    # Fourth Graph: Destination - Commuters Plot\n",
    "    plt.figure(figsize=(5, 5))\n",
    "    ax = plt.axes()\n",
    "    ax.scatter(df[\"Destination Pop\"], df[\"Commuters\"], color='b', alpha=0.20)\n",
    "    ax.set_xlabel('Destination Pop')\n",
    "    ax.set_ylabel('Commuters')\n",
    "    plt.gcf()\n",
    "    plt.savefig('Results/DestCom' + str(i) + '.png')\n",
    "    plt.close()\n",
    "    \n",
    "    # Fifth Graph: Origin - Commuters Plot\n",
    "    plt.figure(figsize=(5, 5))\n",
    "    ax = plt.axes()\n",
    "    ax.scatter(df[\"Origin Pop\"], df[\"Commuters\"], color='b', alpha=0.20)\n",
    "    ax.set_xlabel('Origin Pop')\n",
    "    ax.set_ylabel('Commuters')\n",
    "    plt.gcf()\n",
    "    plt.savefig('Results/OrCom' + str(i) + '.png')\n",
    "    plt.close()"
   ]
  },
  {
   "cell_type": "code",
   "execution_count": 8,
   "id": "18540357",
   "metadata": {},
   "outputs": [],
   "source": [
    "def descriptive_stats(input_df):\n",
    "    df = input_df.copy()\n",
    "    del df['Origin']\n",
    "    del df['Destination']\n",
    "    print(df.describe(), '\\n')\n",
    "    print(df.corr(), '\\n', df.cov(), '\\n\\n')\n",
    "    stat_plotter(df, \"General\")\n",
    "    for i in range(2014, 2021, 1):\n",
    "        print(\"Descriptive Statistics of %s \\n\" % i)\n",
    "        df1 = df[df['Year'] == i]\n",
    "        del df1['Year']\n",
    "        print(df1.describe(), '\\n')\n",
    "        print(df1.corr(), '\\n', df1.cov(), '\\n\\n')\n",
    "        stat_plotter(df1, i)\n",
    "    return"
   ]
  },
  {
   "cell_type": "code",
   "execution_count": 9,
   "id": "f7aa1f91",
   "metadata": {},
   "outputs": [],
   "source": [
    "df = get_info()"
   ]
  },
  {
   "cell_type": "code",
   "execution_count": 10,
   "id": "6875ad8a",
   "metadata": {},
   "outputs": [
    {
     "name": "stdout",
     "output_type": "stream",
     "text": [
      "               Year     Commuters      Distance    Origin Pop  Destination Pop\n",
      "count  81750.000000  81750.000000  81750.000000  81750.000000     81750.000000\n",
      "mean    2016.990214      5.395676      3.406972     10.776064        11.034950\n",
      "std        1.993942      1.077943      0.925955      0.936414         1.030538\n",
      "min     2014.000000      4.605170     -2.302585      7.311886         6.823286\n",
      "25%     2015.000000      4.605170      2.867899     10.137848        10.265941\n",
      "50%     2017.000000      4.605170      3.459466     10.640053        10.832319\n",
      "75%     2019.000000      5.991465      4.053523     11.310160        11.717685\n",
      "max     2020.000000     12.552495      5.714393     13.680078        13.680078 \n",
      "\n",
      "                     Year  Commuters  Distance  Origin Pop  Destination Pop\n",
      "Year             1.000000   0.019585  0.021469    0.047038         0.031546\n",
      "Commuters        0.019585   1.000000 -0.541661    0.105339         0.133603\n",
      "Distance         0.021469  -0.541661  1.000000    0.271454         0.466613\n",
      "Origin Pop       0.047038   0.105339  0.271454    1.000000        -0.022417\n",
      "Destination Pop  0.031546   0.133603  0.466613   -0.022417         1.000000 \n",
      "                      Year  Commuters  Distance  Origin Pop  Destination Pop\n",
      "Year             3.975806   0.042095  0.039638    0.087828         0.064821\n",
      "Commuters        0.042095   1.161960 -0.540646    0.106330         0.148414\n",
      "Distance         0.039638  -0.540646  0.857392    0.235372         0.445257\n",
      "Origin Pop       0.087828   0.106330  0.235372    0.876871        -0.021633\n",
      "Destination Pop  0.064821   0.148414  0.445257   -0.021633         1.062008 \n",
      "\n",
      "\n",
      "Descriptive Statistics of 2014 \n",
      "\n",
      "          Commuters      Distance    Origin Pop  Destination Pop\n",
      "count  11719.000000  11719.000000  11719.000000     11719.000000\n",
      "mean       5.365476      3.382051     10.719109        10.995857\n",
      "std        1.055887      0.949091      0.964508         1.054084\n",
      "min        4.605170     -2.302585      7.319202         7.319202\n",
      "25%        4.605170      2.821379     10.073315        10.194065\n",
      "50%        4.605170      3.427515     10.568210        10.783446\n",
      "75%        5.703782      4.048301     11.284908        11.708180\n",
      "max       12.417953      5.714393     13.619194        13.619194 \n",
      "\n",
      "                 Commuters  Distance  Origin Pop  Destination Pop\n",
      "Commuters         1.000000 -0.527419    0.106391         0.132056\n",
      "Distance         -0.527419  1.000000    0.283196         0.472810\n",
      "Origin Pop        0.106391  0.283196    1.000000        -0.033197\n",
      "Destination Pop   0.132056  0.472810   -0.033197         1.000000 \n",
      "                  Commuters  Distance  Origin Pop  Destination Pop\n",
      "Commuters         1.114897 -0.528544    0.108350         0.146977\n",
      "Distance         -0.528544  0.900774    0.259240         0.473009\n",
      "Origin Pop        0.108350  0.259240    0.930276        -0.033750\n",
      "Destination Pop   0.146977  0.473009   -0.033750         1.111092 \n",
      "\n",
      "\n",
      "Descriptive Statistics of 2015 \n",
      "\n",
      "          Commuters      Distance    Origin Pop  Destination Pop\n",
      "count  11651.000000  11651.000000  11651.000000     11651.000000\n",
      "mean       5.376920      3.393245     10.742524        11.007712\n",
      "std        1.059983      0.938152      0.948015         1.043280\n",
      "min        4.605170     -2.302585      7.311886         6.823286\n",
      "25%        4.605170      2.839078     10.107081        10.220741\n",
      "50%        4.605170      3.440418     10.588023        10.789443\n",
      "75%        5.991465      4.053523     11.339143        11.716136\n",
      "max       12.456053      5.569108     13.633538        13.633538 \n",
      "\n",
      "                 Commuters  Distance  Origin Pop  Destination Pop\n",
      "Commuters         1.000000 -0.535783    0.102946         0.136450\n",
      "Distance         -0.535783  1.000000    0.274207         0.466409\n",
      "Origin Pop        0.102946  0.274207    1.000000        -0.027250\n",
      "Destination Pop   0.136450  0.466409   -0.027250         1.000000 \n",
      "                  Commuters  Distance  Origin Pop  Destination Pop\n",
      "Commuters         1.123564 -0.532796    0.103448         0.150895\n",
      "Distance         -0.532796  0.880130    0.243875         0.456500\n",
      "Origin Pop        0.103448  0.243875    0.898733        -0.026952\n",
      "Destination Pop   0.150895  0.456500   -0.026952         1.088434 \n",
      "\n",
      "\n",
      "Descriptive Statistics of 2016 \n",
      "\n",
      "          Commuters      Distance    Origin Pop  Destination Pop\n",
      "count  11702.000000  11702.000000  11702.000000     11702.000000\n",
      "mean       5.382419      3.393307     10.745805        11.014307\n",
      "std        1.069176      0.931073      0.943216         1.039482\n",
      "min        4.605170     -2.302585      7.311886         6.846943\n",
      "25%        4.605170      2.850707     10.103485        10.230198\n",
      "50%        4.605170      3.433987     10.614204        10.805679\n",
      "75%        5.991465      4.041295     11.288882        11.725299\n",
      "max       12.460715      5.561451     13.647029        13.647029 \n",
      "\n",
      "                 Commuters  Distance  Origin Pop  Destination Pop\n",
      "Commuters         1.000000 -0.537634    0.108763         0.133103\n",
      "Distance         -0.537634  1.000000    0.270468         0.471886\n",
      "Origin Pop        0.108763  0.270468    1.000000        -0.013488\n",
      "Destination Pop   0.133103  0.471886   -0.013488         1.000000 \n",
      "                  Commuters  Distance  Origin Pop  Destination Pop\n",
      "Commuters         1.143138 -0.535205    0.109683         0.147929\n",
      "Distance         -0.535205  0.866897    0.237526         0.456707\n",
      "Origin Pop        0.109683  0.237526    0.889657        -0.013225\n",
      "Destination Pop   0.147929  0.456707   -0.013225         1.080522 \n",
      "\n",
      "\n",
      "Descriptive Statistics of 2017 \n",
      "\n",
      "          Commuters      Distance    Origin Pop  Destination Pop\n",
      "count  11793.000000  11793.000000  11793.000000     11793.000000\n",
      "mean       5.393970      3.390615     10.761132        11.014108\n",
      "std        1.077212      0.918002      0.947073         1.034162\n",
      "min        4.605170     -2.302585      7.362011         6.837333\n",
      "25%        4.605170      2.862201     10.123065        10.240460\n",
      "50%        4.605170      3.440418     10.617589        10.816874\n",
      "75%        5.991465      4.032469     11.297167        11.717685\n",
      "max       12.491627      5.560297     13.657742        13.657742 \n",
      "\n",
      "                 Commuters  Distance  Origin Pop  Destination Pop\n",
      "Commuters         1.000000 -0.540453    0.104554         0.137094\n",
      "Distance         -0.540453  1.000000    0.281016         0.468758\n",
      "Origin Pop        0.104554  0.281016    1.000000        -0.009992\n",
      "Destination Pop   0.137094  0.468758   -0.009992         1.000000 \n",
      "                  Commuters  Distance  Origin Pop  Destination Pop\n",
      "Commuters         1.160386 -0.534444    0.106666         0.152725\n",
      "Distance         -0.534444  0.842727    0.244319         0.445021\n",
      "Origin Pop        0.106666  0.244319    0.896948        -0.009787\n",
      "Destination Pop   0.152725  0.445021   -0.009787         1.069492 \n",
      "\n",
      "\n",
      "Descriptive Statistics of 2018 \n",
      "\n",
      "          Commuters      Distance    Origin Pop  Destination Pop\n",
      "count  11877.000000  11877.000000  11877.000000     11877.000000\n",
      "mean       5.400941      3.411212     10.771668        11.039445\n",
      "std        1.084123      0.921769      0.933224         1.030146\n",
      "min        4.605170     -2.302585      7.410952         7.037028\n",
      "25%        4.605170      2.879198     10.134560        10.262141\n",
      "50%        4.605170      3.465736     10.640221        10.862780\n",
      "75%        5.991465      4.055257     11.298283        11.735261\n",
      "max       12.516861      5.562219     13.668129        13.668129 \n",
      "\n",
      "                 Commuters  Distance  Origin Pop  Destination Pop\n",
      "Commuters         1.000000 -0.538854    0.111292         0.133834\n",
      "Distance         -0.538854  1.000000    0.264905         0.470745\n",
      "Origin Pop        0.111292  0.264905    1.000000        -0.024325\n",
      "Destination Pop   0.133834  0.470745   -0.024325         1.000000 \n",
      "                  Commuters  Distance  Origin Pop  Destination Pop\n",
      "Commuters         1.175323 -0.538483    0.112597         0.149466\n",
      "Distance         -0.538483  0.849657    0.227876         0.446999\n",
      "Origin Pop        0.112597  0.227876    0.870907        -0.023385\n",
      "Destination Pop   0.149466  0.446999   -0.023385         1.061201 \n",
      "\n",
      "\n",
      "Descriptive Statistics of 2019 \n",
      "\n",
      "          Commuters      Distance    Origin Pop  Destination Pop\n",
      "count  11540.000000  11540.000000  11540.000000     11540.000000\n",
      "mean       5.424343      3.444174     10.847797        11.089842\n",
      "std        1.100725      0.916247      0.905151         1.003860\n",
      "min        4.605170     -2.302585      7.440734         6.853299\n",
      "25%        4.605170      2.923162     10.203888        10.335302\n",
      "50%        4.605170      3.496508     10.694804        10.927717\n",
      "75%        5.991465      4.079231     11.374651        11.736861\n",
      "max       12.552495      5.569108     13.679412        13.679412 \n",
      "\n",
      "                 Commuters  Distance  Origin Pop  Destination Pop\n",
      "Commuters         1.000000 -0.558532    0.097768         0.127284\n",
      "Distance         -0.558532  1.000000    0.263929         0.458837\n",
      "Origin Pop        0.097768  0.263929    1.000000        -0.029367\n",
      "Destination Pop   0.127284  0.458837   -0.029367         1.000000 \n",
      "                  Commuters  Distance  Origin Pop  Destination Pop\n",
      "Commuters         1.211596 -0.563299    0.097409         0.140645\n",
      "Distance         -0.563299  0.839508    0.218887         0.422030\n",
      "Origin Pop        0.097409  0.218887    0.819298        -0.026684\n",
      "Destination Pop   0.140645  0.422030   -0.026684         1.007734 \n",
      "\n",
      "\n"
     ]
    },
    {
     "name": "stdout",
     "output_type": "stream",
     "text": [
      "Descriptive Statistics of 2020 \n",
      "\n",
      "          Commuters      Distance    Origin Pop  Destination Pop\n",
      "count  11468.000000  11468.000000  11468.000000     11468.000000\n",
      "mean       5.426578      3.435326     10.846940        11.085179\n",
      "std        1.097008      0.904596      0.902842         1.002820\n",
      "min        4.605170     -2.302585      7.453562         7.085064\n",
      "25%        4.605170      2.917771     10.203925        10.336049\n",
      "50%        4.605170      3.490429     10.700048        10.919080\n",
      "75%        5.991465      4.060874     11.355570        11.728787\n",
      "max       12.495378      5.565669     13.680078        13.680078 \n",
      "\n",
      "                 Commuters  Distance  Origin Pop  Destination Pop\n",
      "Commuters         1.000000 -0.560151    0.099853         0.131832\n",
      "Distance         -0.560151  1.000000    0.254867         0.452323\n",
      "Origin Pop        0.099853  0.254867    1.000000        -0.032454\n",
      "Destination Pop   0.131832  0.452323   -0.032454         1.000000 \n",
      "                  Commuters  Distance  Origin Pop  Destination Pop\n",
      "Commuters         1.203425 -0.555865    0.098897         0.145029\n",
      "Distance         -0.555865  0.818293    0.208151         0.410323\n",
      "Origin Pop        0.098897  0.208151    0.815123        -0.029383\n",
      "Destination Pop   0.145029  0.410323   -0.029383         1.005647 \n",
      "\n",
      "\n"
     ]
    }
   ],
   "source": [
    "descriptive_stats(df)"
   ]
  },
  {
   "cell_type": "code",
   "execution_count": null,
   "id": "65cc898e",
   "metadata": {},
   "outputs": [],
   "source": []
  }
 ],
 "metadata": {
  "kernelspec": {
   "display_name": "Python [conda env:RA] *",
   "language": "python",
   "name": "conda-env-RA-py"
  },
  "language_info": {
   "codemirror_mode": {
    "name": "ipython",
    "version": 3
   },
   "file_extension": ".py",
   "mimetype": "text/x-python",
   "name": "python",
   "nbconvert_exporter": "python",
   "pygments_lexer": "ipython3",
   "version": "3.9.12"
  }
 },
 "nbformat": 4,
 "nbformat_minor": 5
}
